{
  "A": [
    [
      -0.44605378334983004,
      0.018672761860460088,
      -0.009909519873163929,
      -0.0032622502441403195,
      -0.009424547710810013,
      0.0022849259821648956,
      0.0016049625192607847,
      -0.005626273967733304,
      -0.0026873325076903144,
      -0.0048810261616021675
    ],
    [
      0.018672761860460088,
      -0.3397138958232473,
      0.013365403204706087,
      -0.0002790961266929251,
      -0.0044659809231783285,
      0.0006222253208465706,
      -0.007703435214536226,
      0.00014523640287003375,
      0.00946280024907283,
      -0.005082096195197852
    ],
    [
      -0.009909519873163929,
      0.013365403204706087,
      -0.04031127917095804,
      0.003655983062439972,
      -0.00011341834796505508,
      0.006977518993665953,
      0.0014662370597731075,
      -0.014741166751634819,
      0.006330187489347184,
      -0.001374990522096988
    ],
    [
      -0.0032622502441403195,
      -0.0002790961266929251,
      0.003655983062439972,
      -0.03557366905566613,
      -0.007397476885309855,
      -0.005838042676795568,
      0.00361688197043259,
      0.003451615328638167,
      -0.0038802073109757587,
      -0.0044097439468811315
    ],
    [
      -0.009424547710810013,
      -0.0044659809231783285,
      -0.00011341834796505508,
      -0.007397476885309855,
      -0.029481062498853086,
      0.0005058924047484488,
      0.0025722209900030544,
      0.003769979186546827,
      -0.005023192001993163,
      -0.0003959641650931066
    ],
    [
      0.0022849259821648956,
      0.0006222253208465706,
      0.006977518993665953,
      -0.005838042676795568,
      0.0005058924047484488,
      -0.03365968278253678,
      -0.0036598233512579533,
      0.005916208132631618,
      -0.0035705871203338623,
      -0.0019430384593331796
    ],
    [
      0.0016049625192607847,
      -0.007703435214536226,
      0.0014662370597731075,
      0.00361688197043259,
      0.0025722209900030544,
      -0.0036598233512579533,
      -0.030159940649524174,
      -0.004176857934724128,
      0.004831731015640595,
      -0.004370098541818888
    ],
    [
      -0.005626273967733304,
      0.00014523640287003375,
      -0.014741166751634819,
      0.003451615328638167,
      0.003769979186546827,
      0.005916208132631618,
      -0.004176857934724128,
      -0.02507045462510995,
      -0.0013556960344915363,
      0.010377152993822355
    ],
    [
      -0.0026873325076903144,
      0.00946280024907283,
      0.006330187489347184,
      -0.0038802073109757587,
      -0.005023192001993163,
      -0.0035705871203338623,
      0.004831731015640595,
      -0.0013556960344915363,
      -0.03161059255815235,
      0.0023700763249911287
    ],
    [
      -0.0048810261616021675,
      -0.005082096195197852,
      -0.001374990522096988,
      -0.0044097439468811315,
      -0.0003959641650931066,
      -0.0019430384593331796,
      -0.004370098541818888,
      0.010377152993822355,
      0.0023700763249911287,
      -0.03560981520028544
    ]
  ],
  "A_upper": [
    -0.44605378334983004,
    0.018672761860460088,
    -0.3397138958232473,
    -0.009909519873163929,
    0.013365403204706087,
    -0.04031127917095804,
    -0.0032622502441403195,
    -0.0002790961266929251,
    0.003655983062439972,
    -0.03557366905566613,
    -0.009424547710810013,
    -0.0044659809231783285,
    -0.00011341834796505508,
    -0.007397476885309855,
    -0.029481062498853086,
    0.0022849259821648956,
    0.0006222253208465706,
    0.006977518993665953,
    -0.005838042676795568,
    0.0005058924047484488,
    -0.03365968278253678,
    0.0016049625192607847,
    -0.007703435214536226,
    0.0014662370597731075,
    0.00361688197043259,
    0.0025722209900030544,
    -0.0036598233512579533,
    -0.030159940649524174,
    -0.005626273967733304,
    0.00014523640287003375,
    -0.014741166751634819,
    0.003451615328638167,
    0.003769979186546827,
    0.005916208132631618,
    -0.004176857934724128,
    -0.02507045462510995,
    -0.0026873325076903144,
    0.00946280024907283,
    0.006330187489347184,
    -0.0038802073109757587,
    -0.005023192001993163,
    -0.0035705871203338623,
    0.004831731015640595,
    -0.0013556960344915363,
    -0.03161059255815235,
    -0.0048810261616021675,
    -0.005082096195197852,
    -0.001374990522096988,
    -0.0044097439468811315,
    -0.0003959641650931066,
    -0.0019430384593331796,
    -0.004370098541818888,
    0.010377152993822355,
    0.0023700763249911287,
    -0.03560981520028544
  ],
  "b_all": [
    [
      3.3601318979101022,
      -0.5442062674033876,
      -0.03260476071018359,
      0.17957444884873627,
      0.12766688391949496,
      0.15698897004579657,
      0.21586750537622812,
      0.17727720886232623,
      0.15328377264213572,
      0.15664876053585136
    ],
    [
      0.08249727884059833,
      2.2279133922091097,
      0.12328977793838117,
      0.15426344858834318,
      0.1346651818375783,
      0.25519651409899546,
      0.08230202002039129,
      0.015198851614429581,
      0.09404358662985846,
      0.1021600278522587
    ],
    [
      0.22834510944808123,
      0.15813239390026756,
      0.24923338844863552,
      0.21397752672074466,
      0.1615678125126759,
      0.25630410593166875,
      0.11395642714764517,
      0.016060655268442994,
      0.05337182104939412,
      0.2368382054198191
    ],
    [
      0.16120561213154053,
      0.15056370824322188,
      0.1727980746931366,
      0.0812316091966397,
      0.22220499048865522,
      0.1582348897612261,
      0.14206241800950592,
      0.12130864943063772,
      0.2052297831671467,
      0.13712894133658468
    ],
    [
      0.04965676365690621,
      0.28328933138468826,
      0.28783914002569416,
      0.2745910660726985,
      0.22187684126997173,
      0.10966409237596882,
      0.2901219557110586,
      0.24190239925190307,
      0.22187681365032527,
      0.15783844787563636
    ],
    [
      0.46020021313749043,
      0.021343504872664353,
      0.26978730999042205,
      0.15400660491463208,
      0.08227706201927383,
      0.11216447565001746,
      0.18658063003580236,
      0.074557326028741,
      0.2573365965516355,
      0.2335815612119642
    ],
    [
      0.2236655479284602,
      0.34041723359998743,
      0.20210054128303873,
      0.1910406896075625,
      0.20851506363939123,
      0.055116844415383365,
      0.14801240899087076,
      0.04084528385186132,
      0.16796461743733723,
      0.12524359442709063
    ],
    [
      0.052921660206614124,
      0.4993065954748139,
      0.1865114649657339,
      0.038967061010460255,
      0.2758317188602853,
      0.18674248130789461,
      0.12338385900733136,
      0.1890813331049531,
      0.013537262285093443,
      0.28446847007662945
    ],
    [
      0.16307070260887332,
      0.3865369090173511,
      0.058711531229758,
      0.16771107190824094,
      0.1688799417094985,
      0.28244710476748097,
      0.1896657467702937,
      0.16433126775292298,
      0.10895104379169036,
      0.12781061742713146
    ],
    [
      0.17488149465386255,
      0.2576778105360487,
      0.043356661290834264,
      0.25475725387639725,
      0.2723829667929933,
      0.07754873053392806,
      0.18585428219452155,
      0.06796887007618535,
      0.2155068775638327,
      0.11567895575460548
    ]
  ],
  "rmse": 0.1049749635042843,
  "guilds": [
    "Actinobacteria",
    "Bacilli",
    "Bacteroidia",
    "Betaproteobacteria",
    "Clostridia",
    "Coriobacteriia",
    "Fusobacteriia",
    "Gammaproteobacteria",
    "Negativicutes",
    "Other"
  ],
  "patients": [
    "A",
    "B",
    "C",
    "D",
    "E",
    "F",
    "G",
    "H",
    "K",
    "L"
  ],
  "n_steps": 300,
  "lambda_reg": 0.01,
  "message": "Hamilton ODE n_steps=300 L-BFGS-B",
  "n_calls": 780
}