0.0000  0.000000e+00
0.0200  0.000000e+00
0.0400  8.337516e-03
0.0600  1.663953e-02
0.0800  2.491172e-02
0.1000  3.313610e-02
0.1200  4.131632e-02
0.1400  4.946249e-02
0.1600  5.757287e-02
0.1800  6.564840e-02
0.2000  7.368981e-02
0.2200  8.169794e-02
0.2400  8.967355e-02
0.2600  9.761736e-02
0.2800  1.055300e-01
0.3000  1.134122e-01
0.3200  1.212233e-01
0.3400  1.289993e-01
0.3600  1.367444e-01
0.3800  1.444557e-01
0.4000  1.521125e-01
0.4200  1.597334e-01
0.4400  1.673213e-01
0.4600  1.748770e-01
0.4800  1.824009e-01
0.5000  1.898915e-01
0.5200  1.973142e-01
0.5400  2.046537e-01
0.5600  2.119556e-01
0.5800  2.192224e-01
0.6000  2.264556e-01
0.6200  2.336562e-01
0.6400  2.408243e-01
0.6600  2.479603e-01
0.6800  2.550546e-01
0.7000  2.621012e-01
0.7200  2.691119e-01
0.7400  2.760873e-01
0.7600  2.830309e-01
0.7800  2.899443e-01
0.8000  2.968272e-01
0.8200  3.036802e-01
0.8400  3.036738e-01
0.8600  3.036738e-01
0.8800  3.036738e-01
0.9000  3.036738e-01
0.9200  3.036738e-01
0.9400  3.036738e-01
0.9600  3.036738e-01
0.9800  3.036738e-01
1.0000  3.036738e-01
