0.0000  0.000000e+00
0.0100  0.000000e+00
0.0200  2.888582e-03
0.0350  5.901400e-03
0.0550  8.986698e-03
0.0750  1.214885e-02
0.0950  1.539778e-02
0.1150  1.873687e-02
0.1350  2.216935e-02
0.1550  2.569873e-02
0.1750  2.932852e-02
0.1950  3.306226e-02
0.2150  3.690352e-02
0.2350  4.085585e-02
0.2550  4.492532e-02
0.2750  4.911446e-02
0.2950  5.342652e-02
0.3150  5.786532e-02
0.3350  6.243475e-02
0.3550  6.724748e-02
0.3750  7.227797e-02
0.3950  7.746687e-02
0.4150  8.281725e-02
0.4350  8.833209e-02
0.4550  9.402086e-02
0.4750  9.991528e-02
0.4950  1.059896e-01
0.5150  1.122469e-01
0.5350  1.186901e-01
0.5550  1.253220e-01
0.5750  1.321453e-01
0.5950  1.391621e-01
0.6150  1.463741e-01
0.6350  1.537809e-01
0.6550  1.613767e-01
0.6750  1.711013e-01
0.6950  1.882629e-01
0.7150  2.092378e-01
0.7350  2.287117e-01
0.7550  2.454278e-01
0.7750  2.606319e-01
0.7950  2.748688e-01
0.8150  2.749448e-01
0.8350  2.749457e-01
0.8550  2.749457e-01
0.8750  2.749457e-01
0.8950  2.749457e-01
0.9150  2.749457e-01
0.9350  2.749457e-01
0.9550  2.749457e-01
0.9750  2.749457e-01
0.9950  2.749457e-01
1.0000  2.749457e-01
