0.0000  0.000000e+00
0.0200  0.000000e+00
0.0400  7.053134e-03
0.0600  1.406107e-02
0.0800  2.102436e-02
0.1000  2.794040e-02
0.1200  3.479948e-02
0.1400  4.160519e-02
0.1600  4.836161e-02
0.1800  5.506926e-02
0.2000  6.172953e-02
0.2200  6.834333e-02
0.2400  7.491152e-02
0.2600  8.143494e-02
0.2800  8.791440e-02
0.3000  9.435067e-02
0.3200  1.007445e-01
0.3400  1.070961e-01
0.3600  1.133897e-01
0.3800  1.196286e-01
0.4000  1.258113e-01
0.4200  1.319488e-01
0.4400  1.380440e-01
0.4600  1.440912e-01
0.4800  1.500955e-01
0.5000  1.560592e-01
0.5200  1.619825e-01
0.5400  1.678811e-01
0.5600  1.737527e-01
0.5800  1.796082e-01
0.6000  1.854326e-01
0.6200  1.912229e-01
0.6400  1.969799e-01
0.6600  2.026874e-01
0.6800  2.083388e-01
0.7000  2.139577e-01
0.7200  2.195436e-01
0.7400  2.250970e-01
0.7600  2.306183e-01
0.7800  2.361052e-01
0.8000  2.415534e-01
0.8200  2.469667e-01
0.8400  2.469670e-01
0.8600  2.469668e-01
0.8800  2.469668e-01
0.9000  2.469668e-01
0.9200  2.469668e-01
0.9400  2.469668e-01
0.9600  2.469668e-01
0.9800  2.469668e-01
1.0000  2.469668e-01
