0.0000  0.000000e+00
0.0100  0.000000e+00
0.0200  3.522301e-03
0.0350  7.215321e-03
0.0550  1.101949e-02
0.0750  1.494101e-02
0.0950  1.899472e-02
0.1150  2.318656e-02
0.1350  2.752239e-02
0.1550  3.200853e-02
0.1750  3.665133e-02
0.1950  4.145718e-02
0.2150  4.643610e-02
0.2350  5.159248e-02
0.2550  5.693289e-02
0.2750  6.246421e-02
0.2950  6.829492e-02
0.3150  7.445987e-02
0.3350  8.085973e-02
0.3550  8.749988e-02
0.3750  9.440257e-02
0.3950  1.015915e-01
0.4150  1.090463e-01
0.4350  1.167723e-01
0.4550  1.247746e-01
0.4750  1.330580e-01
0.4950  1.416264e-01
0.5150  1.504822e-01
0.5350  1.596307e-01
0.5550  1.710129e-01
0.5750  1.925823e-01
0.5950  2.177790e-01
0.6150  2.396032e-01
0.6350  2.584671e-01
0.6550  2.757680e-01
0.6750  2.920188e-01
0.6950  3.074792e-01
0.7150  3.223431e-01
0.7350  3.367319e-01
0.7550  3.507307e-01
0.7750  3.644012e-01
0.7950  3.777893e-01
0.8150  3.778403e-01
0.8350  3.778409e-01
0.8550  3.778409e-01
0.8750  3.778409e-01
0.8950  3.778409e-01
0.9150  3.778409e-01
0.9350  3.778409e-01
0.9550  3.778409e-01
0.9750  3.778409e-01
0.9950  3.778409e-01
1.0000  3.778409e-01
