{
  "genera": [
    "So",
    "An",
    "Vd",
    "Fn",
    "Pg"
  ],
  "patient_attractors_map": {
    "A": [
      0.6706377534383499,
      0.08595387788504771,
      0.09278699737291068,
      0.07903575519062446,
      0.07158561611306737
    ],
    "B": [
      0.6821611484099774,
      0.06644211630809385,
      0.09605126185439954,
      0.09175409058460407,
      0.06359138284292505
    ],
    "C": [
      0.6163565930671099,
      0.1634242380000524,
      0.07835885555719317,
      0.07729580318615031,
      0.06456451018949419
    ],
    "D": [
      0.7070145023210606,
      0.074346364353489,
      0.06924484206255883,
      0.08277319872543389,
      0.06662109253745771
    ],
    "E": [
      0.6422422367300131,
      0.11358325458595973,
      0.08167818677125796,
      0.09243703845494651,
      0.0700592834578227
    ],
    "F": [
      0.032328446598400576,
      0.8769199457429724,
      0.02935929586034501,
      0.030889148151472774,
      0.030503163646809214
    ],
    "G": [
      0.8257680008776461,
      0.06668113952207495,
      0.03670498241269332,
      0.03576442431276807,
      0.03508145287481762
    ],
    "H": [
      0.6915741149895538,
      0.07080729074526354,
      0.07551931036926438,
      0.0739004556458402,
      0.08819882825007824
    ],
    "K": [
      0.6688168855915921,
      0.07826651800115005,
      0.09858089751107013,
      0.07584938196992251,
      0.07848631692626523
    ],
    "L": [
      0.7120248084406651,
      0.08079074848003949,
      0.07845642601256775,
      0.06159980566975585,
      0.06712821139697195
    ]
  },
  "posterior_cloud": [
    [
      0.0934524772008787,
      0.0921113752833594,
      0.09027874461979328,
      0.08833222041139621,
      0.6358251824845723
    ],
    [
      0.6871796617721115,
      0.08430026021176051,
      0.08016612446407924,
      0.07658631403172841,
      0.07176763952032023
    ],
    [
      0.09035715213647542,
      0.09163864681450065,
      0.08609217058360671,
      0.6520007456137774,
      0.07991128485163984
    ],
    [
      0.6871796617721108,
      0.08430026021176071,
      0.08016612446407959,
      0.07658631403172857,
      0.07176763952032045
    ],
    [
      0.08979609698746344,
      0.08665498350796665,
      0.6642469217595256,
      0.08172965203760825,
      0.07757234570743604
    ],
    [
      0.09312112956017647,
      0.6644751922892981,
      0.08127097047315307,
      0.0835517043826835,
      0.07758100329468874
    ],
    [
      0.6887000543284617,
      0.08234767276629243,
      0.07886149222278423,
      0.07724386748375271,
      0.07284691319870895
    ],
    [
      0.09312112956017644,
      0.6644751922892981,
      0.08127097047315307,
      0.0835517043826835,
      0.07758100329468876
    ],
    [
      0.09312112956017606,
      0.6644751922892994,
      0.08127097047315275,
      0.08355170438268318,
      0.07758100329468855
    ],
    [
      0.09593164111418194,
      0.09044441931505909,
      0.08753014480644306,
      0.08805890821131881,
      0.6380348865529972
    ],
    [
      0.08505101087347657,
      0.6861762540953735,
      0.07895289181605221,
      0.07815735441644638,
      0.07166248879865127
    ],
    [
      0.09308365583877531,
      0.09294664875063982,
      0.09099130982126684,
      0.08777968725880747,
      0.6351986983305106
    ],
    [
      0.08996051263956946,
      0.0926194095628359,
      0.08683112008486484,
      0.6505568065073736,
      0.08003215120535619
    ],
    [
      0.08505101087347657,
      0.6861762540953735,
      0.07895289181605221,
      0.07815735441644638,
      0.07166248879865127
    ],
    [
      0.686113158389249,
      0.08526329112323733,
      0.08055011202730117,
      0.07614125639381782,
      0.07193218206639482
    ],
    [
      0.09137382977698606,
      0.09292531662625471,
      0.09071716512452224,
      0.08789447440863056,
      0.6370892140636065
    ],
    [
      0.08299881581886644,
      0.6888252659096354,
      0.07865199008310496,
      0.07814530743841974,
      0.07137862074997332
    ],
    [
      0.0829988158188666,
      0.6888252659096347,
      0.07865199008310511,
      0.07814530743841996,
      0.07137862074997357
    ],
    [
      0.08689922610649005,
      0.08725669399608887,
      0.667417522036124,
      0.08118433016297162,
      0.07724222769832528
    ],
    [
      0.0829988158188666,
      0.6888252659096347,
      0.07865199008310511,
      0.07814530743841996,
      0.07137862074997357
    ],
    [
      0.0897514842567679,
      0.09224754805682488,
      0.0865137171207552,
      0.6516980145391031,
      0.07978923602654879
    ],
    [
      0.6863232144514166,
      0.08494543028514602,
      0.0804619510998914,
      0.07646688362357329,
      0.07180252053997259
    ],
    [
      0.08526509151810835,
      0.685038706708775,
      0.07905742374283813,
      0.07885311956606142,
      0.07178565846421722
    ],
    [
      0.08526509151810854,
      0.6850387067087744,
      0.07905742374283822,
      0.07885311956606154,
      0.07178565846421735
    ],
    [
      0.08526509151810828,
      0.6850387067087751,
      0.07905742374283797,
      0.07885311956606136,
      0.0717856584642172
    ],
    [
      0.08980456772611191,
      0.08729414024749602,
      0.6633425228423573,
      0.0820027423065205,
      0.07755602687751427
    ],
    [
      0.09024682594691592,
      0.09234999294864618,
      0.08587312546007947,
      0.6516419361979242,
      0.07988811944643429
    ],
    [
      0.09024682594691598,
      0.09234999294864613,
      0.08587312546007934,
      0.6516419361979242,
      0.07988811944643433
    ],
    [
      0.08620037995579699,
      0.6838055857298873,
      0.07854449113359158,
      0.07928682813410277,
      0.07216271504662157
    ],
    [
      0.686528618243637,
      0.08523412130409079,
      0.07986063985375083,
      0.07664430559089438,
      0.0717323150076269
    ],
    [
      0.6856421385066362,
      0.08506362641759325,
      0.08064333799720311,
      0.07647346781031102,
      0.07217742926825645
    ],
    [
      0.09279923394645792,
      0.09220396742543586,
      0.09056973391439055,
      0.08786397658849338,
      0.6365630881252222
    ],
    [
      0.08533911297044326,
      0.6845301199677187,
      0.079264523320787,
      0.07890298869517876,
      0.07196325504587238
    ],
    [
      0.08887149391252458,
      0.08704359844445222,
      0.6652697067607394,
      0.08126589275483834,
      0.07754930812744538
    ],
    [
      0.6856421385066362,
      0.08506362641759325,
      0.08064333799720311,
      0.07647346781031102,
      0.07217742926825645
    ],
    [
      0.6859015658160197,
      0.085415364900081,
      0.08025604476982555,
      0.07661243329662364,
      0.07181459121745008
    ],
    [
      0.0897169974790228,
      0.09255492260867676,
      0.08630895035573957,
      0.6516463011110778,
      0.07977282844548303
    ],
    [
      0.6859015658160198,
      0.08541536490008098,
      0.08025604476982556,
      0.07661243329662373,
      0.07181459121745
    ],
    [
      0.08889598391837628,
      0.08728723583994515,
      0.6647773788414467,
      0.08163383242370802,
      0.07740556897652381
    ],
    [
      0.0928982551217629,
      0.09316435418645315,
      0.09049718995504102,
      0.08825540664815416,
      0.6351847940885889
    ],
    [
      0.6815173299510197,
      0.08658907700167942,
      0.08175300107724034,
      0.07703257257864982,
      0.07310801939141061
    ],
    [
      0.09113654514141763,
      0.09306544625820946,
      0.09093332269745086,
      0.08762554552331248,
      0.6372391403796096
    ],
    [
      0.08657400806588905,
      0.08730564002857007,
      0.6680069196681342,
      0.08092846238797527,
      0.07718496984943146
    ],
    [
      0.08251394834797103,
      0.6900553566758684,
      0.07858973998960506,
      0.07766863806175811,
      0.07117231692479731
    ],
    [
      0.6815173299510197,
      0.08658907700167942,
      0.08175300107724034,
      0.07703257257864982,
      0.07310801939141061
    ],
    [
      0.6810470688207293,
      0.08673289548566888,
      0.0819146252562503,
      0.07683435821475855,
      0.07347105222259286
    ],
    [
      0.08618755812706544,
      0.08765756624127999,
      0.6679256882692677,
      0.08038055476459885,
      0.07784863259778803
    ],
    [
      0.09025943074073492,
      0.09302267247265589,
      0.09098168363257055,
      0.08617626616741965,
      0.639559946986619
    ],
    [
      0.09025943074073527,
      0.0930226724726562,
      0.09098168363257084,
      0.08617626616741987,
      0.6395599469866178
    ],
    [
      0.08331250225313797,
      0.6859040882919379,
      0.08004816181712528,
      0.07799386504856005,
      0.07274138258923889
    ],
    [
      0.08622350287591946,
      0.6817081069023713,
      0.07963966583877492,
      0.07963390362366311,
      0.07279482075927118
    ],
    [
      0.6855434600849014,
      0.08489029097396562,
      0.08054227092757141,
      0.07691455066288495,
      0.07210942735067649
    ],
    [
      0.08934345559888904,
      0.08694322843294609,
      0.6644966650205976,
      0.08160919597947265,
      0.07760745496809464
    ],
    [
      0.08622350287591984,
      0.6817081069023703,
      0.07963966583877513,
      0.07963390362366339,
      0.07279482075927142
    ],
    [
      0.08622350287591984,
      0.6817081069023703,
      0.07963966583877513,
      0.07963390362366339,
      0.07279482075927142
    ],
    [
      0.09029119391850536,
      0.08820000734133385,
      0.6583964219498545,
      0.08304877680515232,
      0.080063599985154
    ],
    [
      0.682977978582272,
      0.08534572435589073,
      0.07935122305403679,
      0.07801308391997051,
      0.07431199008783004
    ],
    [
      0.08972113069745954,
      0.09116028654939488,
      0.08395370586750298,
      0.6540241774288842,
      0.08114069945675824
    ],
    [
      0.6829779771378202,
      0.08534572475812502,
      0.079351223416358,
      0.0780130842723767,
      0.07431199041532015
    ],
    [
      0.09029119391850506,
      0.08820000734133354,
      0.6583964219498557,
      0.08304877680515184,
      0.08006359998515368
    ],
    [
      0.09043235822189487,
      0.09253792841673752,
      0.08594170039681488,
      0.651051425417264,
      0.08003658754728865
    ],
    [
      0.08647516807287477,
      0.6826973260852841,
      0.07886602906156281,
      0.07937458383924322,
      0.07258689294103511
    ],
    [
      0.08647516807287499,
      0.682697326085283,
      0.07886602906156295,
      0.07937458383924366,
      0.07258689294103544
    ],
    [
      0.08976086398625076,
      0.08749226538492194,
      0.6631152195719626,
      0.08184720777111287,
      0.07778444328575183
    ],
    [
      0.09043235822189377,
      0.09253792841673616,
      0.08594170039681369,
      0.6510514254172687,
      0.08003658754728765
    ],
    [
      0.08933339098145375,
      0.09285483628249168,
      0.08715273078193007,
      0.6506781849749591,
      0.0799808569791653
    ],
    [
      0.08799640981195185,
      0.08710491916175343,
      0.6671152680748508,
      0.08061583927301073,
      0.0771675636784332
    ],
    [
      0.08799640981195175,
      0.08710491916175332,
      0.6671152680748512,
      0.0806158392730106,
      0.07716756367843304
    ],
    [
      0.6854385959042238,
      0.08559075375681943,
      0.08093625825303986,
      0.07600968150648002,
      0.07202471057943684
    ],
    [
      0.6854385959042245,
      0.08559075375681938,
      0.08093625825303961,
      0.07600968150647985,
      0.0720247105794367
    ],
    [
      0.09169279614248588,
      0.09331052400916003,
      0.09104305405719307,
      0.08699241448171226,
      0.6369612113094487
    ],
    [
      0.08302973051320577,
      0.6897856841021351,
      0.07862418757035435,
      0.07725169676408432,
      0.0713087010502204
    ],
    [
      0.0870690980240583,
      0.08731006831422122,
      0.6679005874415699,
      0.08053791468798303,
      0.07718233153216753
    ],
    [
      0.08879080238334476,
      0.09312430176890088,
      0.08737725245816229,
      0.6507083885118132,
      0.07999925487777884
    ],
    [
      0.08879080238434339,
      0.09312430176999727,
      0.08737725245916214,
      0.6507083885078014,
      0.07999925487869572
    ],
    [
      0.6858050806049862,
      0.08540582645498591,
      0.08035157843292944,
      0.07662856616142942,
      0.07180894834566902
    ],
    [
      0.0853474936997382,
      0.6847562782665978,
      0.07893456096473035,
      0.07899093778368727,
      0.07197072928524634
    ],
    [
      0.08871333434569045,
      0.08717423026028097,
      0.6652052513461667,
      0.08163529647673312,
      0.0772718875711288
    ],
    [
      0.09283265175472985,
      0.0930941085776718,
      0.09057355960234678,
      0.08836904322938997,
      0.6351306368358616
    ],
    [
      0.09283265175472924,
      0.09309410857767132,
      0.09057355960234614,
      0.08836904322938942,
      0.6351306368358639
    ],
    [
      0.09008326104942732,
      0.0872262299997757,
      0.6619912642488115,
      0.08240602776819955,
      0.0782932169337859
    ],
    [
      0.6863721029876916,
      0.08455768592018777,
      0.07963756375149285,
      0.07711263377231642,
      0.07232001356831153
    ],
    [
      0.09008326104942749,
      0.08722622999977604,
      0.6619912642488107,
      0.08240602776819968,
      0.07829321693378603
    ],
    [
      0.08997453441151583,
      0.09150175195887024,
      0.08501151121991783,
      0.6534358856225557,
      0.08007631678714036
    ],
    [
      0.08633534575145636,
      0.6818487736788916,
      0.0787655570542558,
      0.08003467462022455,
      0.07301564889517151
    ],
    [
      0.681688838178286,
      0.08655634062367319,
      0.08159232364673821,
      0.0770784817495857,
      0.07308401580171699
    ],
    [
      0.08769399706946968,
      0.09266542883071803,
      0.08667434075565522,
      0.6531480262482967,
      0.07981820709586034
    ],
    [
      0.08682746748517771,
      0.0873375698625626,
      0.66751459213856,
      0.08105902465550167,
      0.07726134585819806
    ],
    [
      0.08769399706947013,
      0.09266542883071827,
      0.08667434075565549,
      0.6531480262482957,
      0.07981820709586052
    ],
    [
      0.08769399706946954,
      0.09266542883071786,
      0.08667434075565503,
      0.6531480262482975,
      0.07981820709586004
    ],
    [
      0.6864526070891476,
      0.08491447846050948,
      0.07992905640982291,
      0.07685933196679563,
      0.07184452607372438
    ],
    [
      0.08952163617959458,
      0.08716041830194156,
      0.6634677630171409,
      0.08216180903264397,
      0.0776883734686789
    ],
    [
      0.08966951598358824,
      0.09181317986256958,
      0.08559396523231591,
      0.653190328427626,
      0.07973301049390018
    ],
    [
      0.08594948520104921,
      0.683495564983281,
      0.07879832119286996,
      0.07961851041574074,
      0.07213811820705911
    ],
    [
      0.08594948520104903,
      0.6834955649832815,
      0.07879832119286989,
      0.07961851041574057,
      0.07213811820705902
    ],
    [
      0.0875391646192478,
      0.6791468519107363,
      0.0797399105003758,
      0.08018411227687032,
      0.07338996069276972
    ],
    [
      0.08753916461924793,
      0.6791468519107361,
      0.07973991050037582,
      0.08018411227687038,
      0.07338996069276976
    ],
    [
      0.09085492684979223,
      0.09146577555604297,
      0.0855708334980135,
      0.6520296591416892,
      0.08007880495446222
    ],
    [
      0.08753916461924785,
      0.6791468519107363,
      0.07973991050037584,
      0.08018411227687029,
      0.07338996069276976
    ],
    [
      0.0875391646192478,
      0.6791468519107363,
      0.0797399105003758,
      0.08018411227687032,
      0.07338996069276972
    ],
    [
      0.6851881017597675,
      0.085759032376588,
      0.08034789918353216,
      0.07663292952823364,
      0.07207203715187877
    ],
    [
      0.08869240953699188,
      0.08743162252818257,
      0.66481090558405,
      0.08157578053053754,
      0.07748928182023809
    ],
    [
      0.09267301471627383,
      0.09315682271180108,
      0.0903521482562647,
      0.088102069285246,
      0.6357159450304145
    ],
    [
      0.08509805458535727,
      0.6856541634145299,
      0.07862906611623019,
      0.07871419474372808,
      0.07190452114015461
    ],
    [
      0.6851881017597693,
      0.08575903237658758,
      0.08034789918353162,
      0.07663292952823317,
      0.07207203715187838
    ],
    [
      0.085572952181316,
      0.6837706084517934,
      0.0791901317641082,
      0.07906316775203526,
      0.07240313985074719
    ],
    [
      0.08892988978134468,
      0.08704773831551016,
      0.6648107074687757,
      0.08145207026061825,
      0.07775959417375125
    ],
    [
      0.085572952181316,
      0.6837706084517934,
      0.0791901317641082,
      0.07906316775203526,
      0.07240313985074719
    ],
    [
      0.685668003622601,
      0.08509657754128107,
      0.08042455101682126,
      0.07655855372170928,
      0.07225231409758728
    ],
    [
      0.09264172015251243,
      0.09230877824453278,
      0.0902608784698996,
      0.08784740560192099,
      0.6369412175311342
    ],
    [
      0.08656804968148418,
      0.6805312756068927,
      0.07965817485696526,
      0.07990697841806071,
      0.07333552143659715
    ],
    [
      0.08656804968148418,
      0.6805312756068927,
      0.07965817485696526,
      0.07990697841806071,
      0.07333552143659715
    ],
    [
      0.09300844729399596,
      0.0921064363191978,
      0.08977209966400548,
      0.08785113000789169,
      0.6372618867149091
    ],
    [
      0.08656804968148418,
      0.6805312756068927,
      0.07965817485696526,
      0.07990697841806071,
      0.07333552143659715
    ],
    [
      0.09300844729399639,
      0.09210643631919804,
      0.08977209966400589,
      0.08785113000789196,
      0.6372618867149078
    ],
    [
      0.6818412704954674,
      0.08640625369465059,
      0.08140782802456666,
      0.07718917951521918,
      0.07315546827009625
    ],
    [
      0.6818412704954674,
      0.08640625369465059,
      0.08140782802456666,
      0.07718917951521918,
      0.07315546827009625
    ],
    [
      0.6818412704954682,
      0.08640625369465034,
      0.08140782802456648,
      0.07718917951521913,
      0.07315546827009595
    ],
    [
      0.08349654652053454,
      0.6877089539511463,
      0.07873658817373147,
      0.07830221402011626,
      0.07175569733447149
    ],
    [
      0.08349654652053454,
      0.6877089539511463,
      0.07873658817373147,
      0.07830221402011626,
      0.07175569733447149
    ],
    [
      0.08285087653669525,
      0.6892312695879088,
      0.07862817836021596,
      0.07793338981972185,
      0.07135628569545831
    ],
    [
      0.6815928993269956,
      0.08650334871429224,
      0.08164551635364563,
      0.07711513663892769,
      0.07314309896613873
    ],
    [
      0.6815928993269944,
      0.08650334871429263,
      0.08164551635364593,
      0.07711513663892795,
      0.073143098966139
    ],
    [
      0.6815928993269944,
      0.08650334871429263,
      0.08164551635364593,
      0.07711513663892795,
      0.073143098966139
    ],
    [
      0.6815928993269944,
      0.08650334871429263,
      0.08164551635364593,
      0.07711513663892795,
      0.073143098966139
    ],
    [
      0.6859045713154959,
      0.08548149275537682,
      0.0803643589610905,
      0.07651333807456183,
      0.07173623889347505
    ],
    [
      0.09282166590856068,
      0.09324274587043135,
      0.09069454922518974,
      0.08824410158523208,
      0.634996937410586
    ],
    [
      0.08968138814686695,
      0.0927521778677411,
      0.0865576191443456,
      0.6511993899456788,
      0.07980942489536746
    ],
    [
      0.08867468526036719,
      0.08723026960260974,
      0.6653556113102852,
      0.08148331514742625,
      0.0772561186793116
    ],
    [
      0.08968138814686696,
      0.092752177867741,
      0.0865576191443455,
      0.6511993899456793,
      0.07980942489536744
    ],
    [
      0.08772916795716262,
      0.08734496136597363,
      0.6656814117509574,
      0.08133782527997507,
      0.07790663364593124
    ],
    [
      0.08847939657609828,
      0.0921784215872602,
      0.08619004467214701,
      0.653019686312003,
      0.0801324508524915
    ],
    [
      0.08847939657609762,
      0.09217842158725957,
      0.08619004467214639,
      0.6530196863120054,
      0.08013245085249104
    ],
    [
      0.08424987384740082,
      0.6853534826063112,
      0.07914844861993088,
      0.07876793558549125,
      0.0724802593408659
    ],
    [
      0.6825362690109733,
      0.08596658673040367,
      0.08108841749915138,
      0.0771853040722887,
      0.0732234226871831
    ],
    [
      0.08313426750601917,
      0.6884469138458135,
      0.078632932352765,
      0.07810459153453829,
      0.07168129476086396
    ],
    [
      0.08313426750601917,
      0.6884469138458135,
      0.078632932352765,
      0.07810459153453829,
      0.07168129476086396
    ],
    [
      0.08711421581411853,
      0.08743627378845538,
      0.6666904520345286,
      0.08122072197930127,
      0.07753833638359602
    ],
    [
      0.08711421581411852,
      0.0874362737884554,
      0.6666904520345289,
      0.08122072197930129,
      0.07753833638359595
    ],
    [
      0.09125831276282449,
      0.09288277522698993,
      0.09042559215597144,
      0.0875906934730613,
      0.6378426263811529
    ],
    [
      0.08451817027125307,
      0.6861920388388719,
      0.07890755770328567,
      0.07869271563665807,
      0.0716895175499312
    ],
    [
      0.08451817027125313,
      0.6861920388388715,
      0.07890755770328589,
      0.07869271563665828,
      0.07168951754993125
    ],
    [
      0.6847378191216752,
      0.08555420834291082,
      0.08070424702220688,
      0.07679319025983636,
      0.07221053525337061
    ],
    [
      0.6847378191216752,
      0.08555420834291082,
      0.08070424702220688,
      0.07679319025983636,
      0.07221053525337061
    ],
    [
      0.08814406565913759,
      0.08720973801925157,
      0.6657574420703061,
      0.08145513916845801,
      0.07743361508284674
    ],
    [
      0.6833727937250709,
      0.08522898744275016,
      0.07924949878043826,
      0.07795962088488602,
      0.07418909916685469
    ],
    [
      0.6833727937250704,
      0.08522898744275018,
      0.07924949878043847,
      0.0779596208848862,
      0.07418909916685483
    ],
    [
      0.0918946267760868,
      0.09141692314299289,
      0.08691181133329237,
      0.0872032488573198,
      0.6425733898903081
    ],
    [
      0.08687674930974496,
      0.6786253349589174,
      0.07876335896289668,
      0.08051692176964934,
      0.07521763499879176
    ],
    [
      0.09047348802340377,
      0.0881767127696634,
      0.6582268883462593,
      0.0830739867559988,
      0.08004892410467469
    ],
    [
      0.08884825141939924,
      0.08718585387135688,
      0.6649992522167736,
      0.08125572665694746,
      0.07771091583552273
    ],
    [
      0.0888482514193992,
      0.08718585387135701,
      0.6649992522167735,
      0.08125572665694746,
      0.07771091583552271
    ],
    [
      0.08936753777071857,
      0.09229865379104117,
      0.08595347309608224,
      0.6521988215602201,
      0.08018151378193784
    ],
    [
      0.6840420204834226,
      0.08556805200261446,
      0.08078227591543884,
      0.0768270128576163,
      0.07278063874090789
    ],
    [
      0.08508373608146133,
      0.6846045250766899,
      0.07885230971179064,
      0.07886080678480707,
      0.07259862234525116
    ],
    [
      0.0894417823916055,
      0.09226499053891897,
      0.08605576151809886,
      0.6523656949826377,
      0.07987177056873898
    ],
    [
      0.08501400004103035,
      0.6853810397769818,
      0.07881560002350867,
      0.07877530217704183,
      0.0720140579814374
    ],
    [
      0.08501400004103045,
      0.6853810397769811,
      0.07881560002350901,
      0.07877530217704208,
      0.07201405798143755
    ],
    [
      0.08501400004103006,
      0.6853810397769826,
      0.07881560002350853,
      0.07877530217704162,
      0.07201405798143716
    ],
    [
      0.08944178239160566,
      0.09226499053891898,
      0.08605576151809889,
      0.6523656949826374,
      0.07987177056873906
    ],
    [
      0.08570520617932124,
      0.6844693956605814,
      0.07881473201395008,
      0.078964724867745,
      0.07204594127840225
    ],
    [
      0.08996255279449895,
      0.09243319269833225,
      0.08625370182636533,
      0.6515200600188082,
      0.07983049266199514
    ],
    [
      0.0892045701084006,
      0.08725814625931085,
      0.6644457989376259,
      0.0816410834318278,
      0.07745040126283487
    ],
    [
      0.09314398333615143,
      0.09306717815735921,
      0.09044099781412741,
      0.08827992483669807,
      0.6350679158556639
    ],
    [
      0.08570520617932155,
      0.68446939566058,
      0.07881473201395053,
      0.07896472486774532,
      0.0720459412784027
    ],
    [
      0.6881121486515187,
      0.08418174776287037,
      0.07970991394998898,
      0.07640675668348822,
      0.07158943295213387
    ],
    [
      0.6881121486515182,
      0.08418174776287043,
      0.07970991394998915,
      0.07640675668348831,
      0.07158943295213405
    ],
    [
      0.08714946218787452,
      0.6811249703871395,
      0.07930257742547024,
      0.07983537154754085,
      0.07258761845197495
    ],
    [
      0.08714946218787394,
      0.6811249703871414,
      0.07930257742546971,
      0.07983537154754032,
      0.07258761845197455
    ],
    [
      0.6881121486515175,
      0.08418174776287063,
      0.07970991394998929,
      0.07640675668348842,
      0.0715894329521341
    ],
    [
      0.08761408810059526,
      0.08744369892603289,
      0.666489683316559,
      0.0808805530377983,
      0.07757197661901469
    ],
    [
      0.08761408810059519,
      0.08744369892603271,
      0.6664896833165591,
      0.08088055303779824,
      0.07757197661901476
    ],
    [
      0.08358468685204258,
      0.6886145698714438,
      0.0786243595384114,
      0.07768410080423313,
      0.07149228293386913
    ],
    [
      0.09191440824056546,
      0.09291306698299932,
      0.09073560260559684,
      0.08725073322697376,
      0.6371861889438647
    ],
    [
      0.08884255660386074,
      0.09273373677336806,
      0.08675205615687262,
      0.6516792976743551,
      0.07999235279154342
    ],
    [
      0.08325123104951335,
      0.6890538435456482,
      0.0781543838964713,
      0.07819480232091541,
      0.07134573918745174
    ],
    [
      0.08325123104951311,
      0.6890538435456487,
      0.07815438389647116,
      0.07819480232091529,
      0.07134573918745173
    ],
    [
      0.6837073528148434,
      0.08608060396668218,
      0.08073615912783845,
      0.07702297700215276,
      0.07245290708848304
    ],
    [
      0.08749394450696263,
      0.08754233908468252,
      0.6660155754309173,
      0.08152513209521078,
      0.07742300888222678
    ],
    [
      0.09163587793799158,
      0.09327853674117866,
      0.09044591688386915,
      0.0882099434683476,
      0.636429724968613
    ],
    [
      0.6845013726783548,
      0.0854595484859338,
      0.08055657487308701,
      0.0770137000141904,
      0.0724688039484338
    ],
    [
      0.08476306488342958,
      0.6852962817334491,
      0.07887860526018993,
      0.07899189388339632,
      0.07207015423953496
    ],
    [
      0.0847630648834294,
      0.6852962817334496,
      0.07887860526018982,
      0.07899189388339625,
      0.07207015423953483
    ],
    [
      0.684501372678354,
      0.0854595484859341,
      0.08055657487308719,
      0.07701370001419063,
      0.07246880394843401
    ],
    [
      0.0884568675963643,
      0.08729677144458656,
      0.6647869277348339,
      0.08171447814911417,
      0.07774495507510112
    ],
    [
      0.6816474801423154,
      0.08655663199853712,
      0.08159067813796507,
      0.07706360202717139,
      0.07314160769401115
    ],
    [
      0.09120166560858067,
      0.09296530824346545,
      0.09074168671870082,
      0.08756350669306294,
      0.6375278327361901
    ],
    [
      0.08773362507751306,
      0.09264295011861269,
      0.08669906251695735,
      0.6530465073674667,
      0.07987785491945025
    ],
    [
      0.08681495097261478,
      0.0874177962695567,
      0.667376739653773,
      0.08102010610665641,
      0.07737040699739915
    ],
    [
      0.08681495097261467,
      0.08741779626955655,
      0.6673767396537736,
      0.08102010610665619,
      0.07737040699739889
    ],
    [
      0.08793279172746393,
      0.09251258163870701,
      0.08659113663343765,
      0.6530647781910354,
      0.07989871180935587
    ],
    [
      0.08711191202277571,
      0.08731692387983438,
      0.6669704516122991,
      0.08119622323746663,
      0.07740448924762415
    ],
    [
      0.08711191202277581,
      0.08731692387983457,
      0.6669704516122984,
      0.08119622323746692,
      0.07740448924762429
    ],
    [
      0.08793279172746334,
      0.09251258163870633,
      0.08659113663343704,
      0.653064778191038,
      0.07989871180935523
    ],
    [
      0.6819789276160394,
      0.08634651079135054,
      0.08147498392992437,
      0.07712814891082,
      0.07307142875186577
    ],
    [
      0.0902275944538573,
      0.08706821464668399,
      0.662425933171678,
      0.08202271512429501,
      0.07825554260348563
    ],
    [
      0.09326101830244715,
      0.0919577905044705,
      0.08933654204129761,
      0.08811113568566344,
      0.6373335134661212
    ],
    [
      0.0902275944538575,
      0.08706821464668403,
      0.6624259331716776,
      0.08202271512429511,
      0.07825554260348558
    ],
    [
      0.09058290986544708,
      0.09141276829945791,
      0.0853154717671039,
      0.6524534518284287,
      0.08023539823956234
    ],
    [
      0.686959458163325,
      0.08424004723176205,
      0.0796784187766436,
      0.0769069957974518,
      0.0722150800308174
    ],
    [
      0.08125078247353612,
      0.6932991405720639,
      0.07808387878259164,
      0.0768426714651799,
      0.07052352670662837
    ],
    [
      0.680562658244844,
      0.08720784272386282,
      0.08205455785139412,
      0.0769771539938867,
      0.07319778718601251
    ],
    [
      0.08125078247353612,
      0.6932991405720639,
      0.07808387878259164,
      0.0768426714651799,
      0.07052352670662837
    ],
    [
      0.08125078247353566,
      0.6932991405720654,
      0.07808387878259125,
      0.0768426714651797,
      0.07052352670662806
    ],
    [
      0.08125078247353612,
      0.6932991405720639,
      0.07808387878259164,
      0.0768426714651799,
      0.07052352670662837
    ],
    [
      0.08409453767631632,
      0.688184718105399,
      0.07835924161310931,
      0.0780799166472962,
      0.07128158595787915
    ],
    [
      0.08409453767631657,
      0.6881847181053982,
      0.0783592416131095,
      0.0780799166472965,
      0.07128158595787924
    ],
    [
      0.0922670895354533,
      0.09359312609529234,
      0.09080046696960935,
      0.08805078090467444,
      0.6352885364949706
    ],
    [
      0.0840945376763167,
      0.6881847181053978,
      0.07835924161310957,
      0.07807991664729667,
      0.07128158595787933
    ],
    [
      0.684979721499458,
      0.08606494678456655,
      0.08055006836534155,
      0.07650459002268958,
      0.07190067332794443
    ],
    [
      0.6859280446534746,
      0.08540383014085617,
      0.08027576315186269,
      0.07654811169214819,
      0.07184425036165855
    ],
    [
      0.6859280446534746,
      0.08540383014085617,
      0.08027576315186269,
      0.07654811169214819,
      0.07184425036165855
    ],
    [
      0.08883813360351575,
      0.08729349772696449,
      0.6649399862147248,
      0.0815331932177981,
      0.07739518923699672
    ],
    [
      0.08883813360351585,
      0.08729349772696447,
      0.6649399862147249,
      0.08153319321779805,
      0.07739518923699674
    ],
    [
      0.08973749313932394,
      0.0925002545128266,
      0.08637239148600126,
      0.6515600089937185,
      0.07982985186812988
    ],
    [
      0.0857698632353397,
      0.6839966393537478,
      0.07886403166065102,
      0.07919770446227353,
      0.07217176128798798
    ],
    [
      0.08992375734413612,
      0.09237311581534677,
      0.08622415938469973,
      0.6516071854801603,
      0.07987178197565724
    ],
    [
      0.6862503452579516,
      0.08521141654476069,
      0.08014544716372517,
      0.07662642544975952,
      0.07176636558380291
    ],
    [
      0.09312803856181477,
      0.09303694525102525,
      0.09037693594689633,
      0.08845680302750583,
      0.6350012772127579
    ],
    [
      0.08921682360524656,
      0.08718272561181366,
      0.6643689887367089,
      0.0817856022349308,
      0.07744585981130009
    ],
    [
      0.686427907838695,
      0.08473061482235805,
      0.08018385402561723,
      0.07650452500206294,
      0.07215309831126665
    ],
    [
      0.09352486108099721,
      0.0922685474684962,
      0.09015183145675133,
      0.08771756421007815,
      0.6363371957836771
    ],
    [
      0.686427907838695,
      0.08473061482235805,
      0.08018385402561723,
      0.07650452500206294,
      0.07215309831126665
    ],
    [
      0.09088900905226008,
      0.09206066418906816,
      0.086334125419187,
      0.6504313328579144,
      0.08028486848157038
    ],
    [
      0.09352486108099746,
      0.09226854746849668,
      0.09015183145675153,
      0.08771756421007841,
      0.6363371957836759
    ],
    [
      0.6856577371638547,
      0.08550475830250807,
      0.08032060965207385,
      0.07659065731353182,
      0.07192623756803167
    ],
    [
      0.6856577371638547,
      0.08550475830250807,
      0.08032060965207385,
      0.07659065731353182,
      0.07192623756803167
    ],
    [
      0.6856577371638547,
      0.08550475830250807,
      0.08032060965207385,
      0.07659065731353182,
      0.07192623756803167
    ],
    [
      0.6856577371638547,
      0.08550475830250807,
      0.08032060965207385,
      0.07659065731353182,
      0.07192623756803167
    ],
    [
      0.08954595588882094,
      0.09261225071842795,
      0.08632745341027992,
      0.6516476237338888,
      0.07986671624858234
    ],
    [
      0.08817485124756629,
      0.09209278861103445,
      0.08635261321318993,
      0.6533689241210806,
      0.0800108228071286
    ],
    [
      0.6815629797934524,
      0.086123209923854,
      0.08157236352805218,
      0.07736657134628143,
      0.07337487540836014
    ],
    [
      0.6815629797934526,
      0.08612320992385394,
      0.08157236352805194,
      0.07736657134628146,
      0.07337487540835996
    ],
    [
      0.08817485125094483,
      0.09209278861475932,
      0.08635261321651218,
      0.6533689241075079,
      0.08001082281027569
    ],
    [
      0.09157490854072455,
      0.09241712491549174,
      0.09031694732665252,
      0.08767887963237339,
      0.6380121395847579
    ],
    [
      0.6859022877647686,
      0.08545274571141893,
      0.0803255134171896,
      0.07646024497252785,
      0.07185920813409515
    ],
    [
      0.09282298441389902,
      0.09314692835042421,
      0.09050539067292342,
      0.08813001619323968,
      0.6353946803695136
    ],
    [
      0.0895770768422701,
      0.0925917246847851,
      0.08640803140833393,
      0.6516098274587663,
      0.07981333960584448
    ],
    [
      0.6859022877647686,
      0.08545274571141893,
      0.0803255134171896,
      0.07646024497252785,
      0.07185920813409515
    ],
    [
      0.08874408648320103,
      0.08727419456398913,
      0.6651743015106562,
      0.08148050154094097,
      0.07732691590121266
    ],
    [
      0.6802423476312319,
      0.08721070908449828,
      0.082230598671835,
      0.07705065262875176,
      0.07326569198368309
    ],
    [
      0.08075604514272446,
      0.6941160391745658,
      0.07802861020351298,
      0.07670344390584896,
      0.07039586157334776
    ],
    [
      0.6802423476312319,
      0.08721070908449827,
      0.08223059867183503,
      0.07705065262875177,
      0.07326569198368314
    ],
    [
      0.6802423476312315,
      0.08721070908449838,
      0.08223059867183499,
      0.07705065262875185,
      0.07326569198368318
    ],
    [
      0.08657144653778032,
      0.09310786686446577,
      0.08724595659953341,
      0.6534846100916074,
      0.0795901199066132
    ],
    [
      0.6840438212321029,
      0.08573482408056236,
      0.08078638683725294,
      0.07684561786484605,
      0.07258934998523552
    ],
    [
      0.09190013868092604,
      0.09288057634914508,
      0.09037782413295388,
      0.08750750044168666,
      0.6373339603952884
    ],
    [
      0.0888035823617891,
      0.09249460856679496,
      0.08636290603709579,
      0.6525492206866552,
      0.07978968234766476
    ],
    [
      0.08374512106964908,
      0.6878810235063404,
      0.07854501479171756,
      0.07814961276180685,
      0.07167922787048601
    ],
    [
      0.09190013868092597,
      0.09288057634914497,
      0.09037782413295364,
      0.08750750044168651,
      0.6373339603952889
    ]
  ]
}